set unit := G1 G2 G3;
set segments:= C1 C2 C3 ;
set lines:= L1 L2 L3 L4 L5 L6 L7; 
set buses:= B1 B2 B3 B4 B5 B6 ;

param HorizonHours:= 24;

param:     MinCost  Pmin   Pmax   Rup   Rdn   :=
G1         1531.4    100    220   55     55  
G2         530.1     10     100   50     50  
G3         314.55    10     100   20     20   ;


param Smax:
        C1       C2      C3 :=
G1      40       20      40 
G2      30       40      30
G3      20       20      20 ;


param Slope:
        C1        C2          C3  :=
G1     13.608    13.644      13.680 
G2     40.050    40.110      40.170
G3     17.900    18.100      18.300;


param: Reactance  Flowlim :=
L1       0.17       200
L2       0.037      100
L3       0.258      100
L4       0.197      100
L5       0.037      100
L6       0.14       100
L7       0.018      100 ;



param Load:
	1	2	3	4	5	6	7	8	9	10	11	12	13	14	15	16	17	18	19	20	21	22	23	24:=
B1	0	0	0	0	0	0	0	0	0	0	0	0	0	0	0	0	0	0	0	0	0	0	0	0
B2	0	0	0	0	0	0	0	0	0	0	0	0	0	0	0	0	0	0	0	0	0	0	0	0
B3	0	0	0	0	0	0	0	0	0	0	0	0	0	0	0	0	0	0	0	0	0	0	0	0
B4	35.038	33.03	31.734	30.946	31.012	32.096	34.678	35.52	37.362	41.392	45.722	47.22	48.436	48.72	49.772	51.158	51.2	      49.348	49.194	47.47	47.462	46.534	39.186	39.12
B5	70.076	66.06	63.468	61.892	62.024	64.192	69.356	71.04	74.724	82.784	91.444	94.44	96.872	97.44	99.544	102.316    102.4	     98.696	98.388	94.94	94.924	93.068	78.372	78.24
B6	70.076	66.06	63.468	61.892	62.024	64.192	69.356	71.04	74.724	82.784	91.444	94.44	96.872	97.44	99.544	102.316    102.4	      98.696	98.388	94.94	94.924	93.068	78.372	78.24;



param BustoUnitMap:
     B1     B2    B3  B4    B5    B6 :=  
G1    1     0     0    0     0     0
G2    0     1     0    0     0     0
G3    0     0     0    0     0     1 ; 

param LinetoBusMap:
      B1    B2    B3   B4     B5   B6:=  
L1    1     -1     0    0     0     0
L2    0     1     -1    0     0     0
L3    1     0      0   -1     0     0
L4    0     1      0   -1     0     0
L5    0     0      0    1    -1     0
L6    0     0      0    0     1    -1
L7    0     0     -1    0     0     1 ;














