3.014400000000000000e+04
4.000600000000000000e+04
1.000100000000000000e+04
1.002200000000000000e+04
1.002500000000000000e+04
1.003300000000000000e+04
1.003500000000000000e+04
1.009300000000000000e+04
1.022800000000000000e+04
1.034400000000000000e+04
1.052500000000000000e+04
1.055800000000000000e+04
1.057000000000000000e+04
1.060000000000000000e+04
1.067700000000000000e+04
1.071000000000000000e+04
1.075000000000000000e+04
1.076800000000000000e+04
1.081100000000000000e+04
1.085900000000000000e+04
1.101400000000000000e+04
1.300000000000000000e+04
1.317500000000000000e+04
1.336600000000000000e+04
1.342000000000000000e+04
1.344600000000000000e+04
1.349900000000000000e+04
1.350900000000000000e+04
1.368400000000000000e+04
2.000000000000000000e+04
2.000700000000000000e+04
2.002600000000000000e+04
2.013600000000000000e+04
2.039000000000000000e+04
2.048700000000000000e+04
2.112100000000000000e+04
2.114000000000000000e+04
2.116500000000000000e+04
2.159600000000000000e+04
2.164600000000000000e+04
2.301700000000000000e+04
2.305400000000000000e+04
2.306000000000000000e+04
2.323000000000000000e+04
2.326300000000000000e+04
2.337700000000000000e+04
2.341700000000000000e+04
2.516000000000000000e+04
2.528900000000000000e+04
2.537500000000000000e+04
2.540000000000000000e+04
2.540300000000000000e+04
2.543900000000000000e+04
2.559500000000000000e+04
2.559800000000000000e+04
2.561800000000000000e+04
2.567500000000000000e+04
2.571400000000000000e+04
2.573000000000000000e+04
2.582900000000000000e+04
2.601200000000000000e+04
2.601700000000000000e+04
2.609700000000000000e+04
2.613300000000000000e+04
2.616300000000000000e+04
2.619700000000000000e+04
2.807800000000000000e+04
2.809900000000000000e+04
2.836500000000000000e+04
2.840100000000000000e+04
2.847400000000000000e+04
2.854900000000000000e+04
2.866700000000000000e+04
2.901800000000000000e+04
3.000100000000000000e+04
3.014600000000000000e+04
3.017200000000000000e+04
3.017400000000000000e+04
3.020500000000000000e+04
3.020700000000000000e+04
3.022000000000000000e+04
3.022100000000000000e+04
3.037200000000000000e+04
3.039000000000000000e+04
3.045100000000000000e+04
4.000100000000000000e+04
4.000300000000000000e+04
4.000400000000000000e+04
4.000800000000000000e+04
4.005000000000000000e+04
4.016000000000000000e+04
4.016200000000000000e+04
4.016800000000000000e+04
4.016900000000000000e+04
4.027900000000000000e+04
4.028100000000000000e+04
4.036700000000000000e+04
4.036900000000000000e+04
4.039100000000000000e+04
4.051800000000000000e+04
4.051900000000000000e+04
4.059500000000000000e+04
4.060200000000000000e+04
4.069100000000000000e+04
4.078600000000000000e+04
4.082400000000000000e+04
4.084300000000000000e+04
4.087800000000000000e+04
4.088400000000000000e+04
4.091200000000000000e+04
5.000000000000000000e+04
5.000700000000000000e+04
5.002400000000000000e+04
5.009900000000000000e+04
5.019600000000000000e+04
5.031600000000000000e+04
5.036000000000000000e+04
5.038500000000000000e+04
5.039700000000000000e+04
5.300000000000000000e+04
5.300200000000000000e+04
5.301200000000000000e+04
5.321500000000000000e+04
5.329700000000000000e+04
6.000000000000000000e+04
6.000300000000000000e+04
6.019400000000000000e+04
6.051400000000000000e+04
6.057700000000000000e+04
6.066200000000000000e+04
6.087200000000000000e+04
7.000000000000000000e+04
7.001600000000000000e+04
7.006300000000000000e+04
7.009700000000000000e+04
7.017200000000000000e+04
7.400100000000000000e+04
7.405300000000000000e+04
7.413200000000000000e+04
7.423500000000000000e+04
7.700100000000000000e+04
4.000700000000000000e+04
1.369300000000000000e+04
7.717300000000000000e+04
2.812200000000000000e+04
4.099300000000000000e+04
7.410400000000000000e+04
8.000700000000000000e+04
7.015300000000000000e+04
7.725800000000000000e+04
